BUFF_LEN 4MB
NUM_BUFFS 4
DELAY_PEEK 1
 buff MB   send MB/s   recv MB/s
       1      4969      4305
       2      5273      4918
       4      5342      5240
       8      7288      6954
      16      8807      7826
      32      8712      9171
      64      8682      9448
     256      8594      8390
    1024      8617      8195


BUFF_LEN 4MB
NUM_BUFFS 4
DELAY_PEEK 1000
 buff MB   send MB/s   recv MB/s
       1      4932      4241
       2      5276      4903
       4      5333      5241
       8      7255      6945
      16      8825      7695
      32      8462      8910
      64      8520      8706
     256      8618      8446
    1024      8545      8187


BUFF_LEN 4MB
NUM_BUFFS 4
DELAY_PEEK 10000
 buff MB   send MB/s   recv MB/s
       1      4965      4263
       2      5273      4910
       4      5349      5248
       8      7286      6931
      16      8817      7598
      32      8471      8808
      64      8657      8809
     256      8583      8455
    1024      8663      8249


BUFF_LEN 4MB
NUM_BUFFS 4
DELAY_PEEK 100000
 buff MB   send MB/s   recv MB/s
       1      4991      4309
       2      5269      4905
       4      5354      5246
       8      7262      6937
      16      8776      7515
      32      8699      8912
      64      8587      8550
     256      8713      8486
    1024      8619      8236


###################################

BUFF_LEN 4MB
NUM_BUFFS 2
DELAY_PEEK 1
 buff MB   send MB/s   recv MB/s
       1      4996      4295
       2      5275      4917
       4      5350      5286
       8      7283      7052
      16      8636      8616
      32      8449      9636
      64      8256     10215
     256      8185     10665
    1024      8281     10385

###################################

BUFF_LEN 2MB
NUM_BUFFS 2
DELAY_PEEK 1
 buff MB   send MB/s   recv MB/s
       1      4924      4232
       2      5203      4906
       4      7158      6773
       8      8483      8529
      16      8755      8900
      32      7727     10368
      64      7887     10426
     256      7794      9366
    1024      7790      9096

###################################

BUFF_LEN 2MB
NUM_BUFFS 4
DELAY_PEEK 1
 buff MB   send MB/s   recv MB/s
       1      4380      4072
       2      5000      4596
       4      7085      6617
       8      8230      7826
      16      8535      8878
      32      8434      9683
      64      8252      7963
     256      8074      6576
    1024      8172      6457

###################################

BUFF_LEN 2MB
NUM_BUFFS 8
DELAY_PEEK 1
 buff MB   send MB/s   recv MB/s
       1      4988      4289
       2      5272      4907
       4      7196      6787
       8      8769      8106
      16      9388      8379
      32      8937      8626
      64      8377      7275
     256      8128      6443
    1024      8217      6218


BUFF_LEN 2MB
NUM_BUFFS 8
DELAY_PEEK 100000
 buff MB   send MB/s   recv MB/s
       1      4954      4273
       2      5271      4910
       4      7165      6794
       8      8752      8183
      16      9341      8707
      32      8697      8583
      64      8301      7360
     256      8222      6485
    1024      8217      6257

###################################

BUFF_LEN 1MB
NUM_BUFFS 16
DELAY_PEEK 1
 buff MB   send MB/s   recv MB/s
       1      4989      4291
       2      6864      6042
       4      8480      7941
       8      9632      9322
      16      8081      8582
      32      6830      7431
      64      6750      6049
     256      6694      5265
    1024      6690      5153

###################################

BUFF_LEN 1MB
NUM_BUFFS 8
DELAY_PEEK 1
 buff MB   send MB/s   recv MB/s
       1      4989      4287
       2      6853      6011
       4      8484      7925
       8      9640      9422
      16      9759      9686
      32      7878      8140
      64      7407      6639
     256      7349      5704
    1024      7190      5365

###################################

BUFF_LEN 1MB
NUM_BUFFS 4
DELAY_PEEK 1
 buff MB   send MB/s   recv MB/s
       1      4986      4302
       2      6882      6055
       4      8524      7972
       8      9631      9420
      16     10088     10283
      32      8398      9008
      64      7472      6724
     256      7518      5803
    1024      6920      5459

###################################

BUFF_LEN 1MB
NUM_BUFFS 2
DELAY_PEEK 1
 buff MB   send MB/s   recv MB/s
       1      5007      4289
       2      6893      6076
       4      8470      7990
       8      9424      9349
      16      9634     10505
      32      8139     10729
      64      7949      9470
     256      7415      8201
    1024      7651      8056

###################################

BUFF_LEN 1MB
NUM_BUFFS 1
DELAY_PEEK 1
 buff MB   send MB/s   recv MB/s
       1      4864      4213
       2      5358      5096
       4      5603      5655
       8      5695      5987
      16      5619      6182
      32      4928      6170
      64      4693      5692
     256      4531      5232
    1024      4496      5191

###################################

BUFF_LEN 1MB
NUM_BUFFS 32
DELAY_PEEK 1
 buff MB   send MB/s   recv MB/s
       1      5009      4283
       2      6894      6068
       4      8501      7975
       8      9629      9334
      16      8161      8637
      32      5823      6400
      64      6025      5780
     256      6143      5213
    1024      6154      5113

###################################

BUFF_LEN 1MB
NUM_BUFFS 64
DELAY_PEEK 1
 buff MB   send MB/s   recv MB/s
       1      4996      4278
       2      6903      6048
       4      8497      7971
       8      9659      9293
      16      8152      9031
      32      5793      6463
      64      5298      5512
     256      5445      5126
    1024      5473      5137

###################################

BUFF_LEN 8MB
NUM_BUFFS 2
DELAY_PEEK 1
 buff MB   send MB/s   recv MB/s
       1      4982      4287
       2      5277      4926
       4      5335      5263
       8      5477      5124
      16      7314      6486
      32      7824      7515
      64      8081      8208
     256      8191      8661
    1024      8316      8621

###################################

BUFF_LEN 8MB
NUM_BUFFS 4
DELAY_PEEK 1
 buff MB   send MB/s   recv MB/s
       1      4995      4294
       2      5283      4910
       4      5351      5266
       8      5485      5110
      16      7266      6497
      32      8003      7022
      64      8253      7273
     256      8568      7695
    1024      8600      7796

###################################

BUFF_LEN 8MB
NUM_BUFFS 8
DELAY_PEEK 1
 buff MB   send MB/s   recv MB/s
       1      4958      4284
       2      5271      4921
       4      5323      5253
       8      5479      5169
      16      7323      6454
      32      7911      6716
      64      8113      7521
     256      8484      7758
    1024      8575      7831

###################################

BUFF_LEN 16MB
NUM_BUFFS 2
DELAY_PEEK 1
 buff MB   send MB/s   recv MB/s
       1      4974      4279
       2      5280      4929
       4      5345      5274
       8      5481      5141
      16      5473      4965
      32      6596      6135
      64      7336      7062
     256      7931      7921
    1024      8136      8042

###################################

BUFF_LEN 64MB
NUM_BUFFS 4
DELAY_PEEK 1
 buff MB   send MB/s   recv MB/s
       1      5007      4307
       2      5282      4918
       4      5354      5269
       8      5488      5104
      16      5496      4897
      32      5050      4884
      64      4888      4892
     256      7292      6867
    1024      8195      7642

